	KMRB15070728_neg.mzXML	KMRB15070723_neg.mzXML	KMRB16032507_neg.mzXML	KMRB15070765_neg.mzXML	KMRB15062619_neg.mzXML	KMRB15090213_neg.mzXML	KMRB17070402_neg.mzXML	KMRB17080804_neg.mzXML	KMRB15081403_neg.mzXML	KMRB15031920_neg.mzXML	KMRB16011417_neg.mzXML	KMRB16011519_neg.mzXML	KMRB04050612_neg.mzXML	KMRB14110709_neg.mzXML	KMRB18111308_neg.mzXML	KMRB14091212_neg.mzXML	KMRB15052235_neg.mzXML	KMRB15070136_neg.mzXML	KMRB18042712_neg.mzXML	KMRB16061604_neg.mzXML	KMRB15021115_neg.mzXML	KMRB16051230_neg.mzXML	KMRB17091811_neg.mzXML	KMRB15032003_neg.mzXML	KMRB14101203_neg.mzXML	KMRB15063021_neg.mzXML	KMRB15052230_neg.mzXML	KMRB15071608_neg.mzXML	KMRB14082260_neg.mzXML	KMRB16071927_neg.mzXML	KMRB15080602_neg.mzXML	KMRB16011521_neg.mzXML	KMRB15090836_neg.mzXML	KMRB17061910_neg.mzXML	KMRB17083132_neg.mzXML	KMRB16041505_neg.mzXML	KMRB15102011_neg.mzXML	KMRB15061217_neg.mzXML	KMRB14070116_neg.mzXML	KMRB15090322_neg.mzXML
KMRB15070728_neg.mzXML	0	0.153967260679171	0.130258054912131	0.233286513553657	0.186558887934839	0.220989988409951	0.183795570598926	0.10344215014061	0.165068247087669	0.153702333040913	0.225037657079638	0.236444117580902	0.273924578789002	0.249590604972973	0.295400686400828	0.269021564835312	0.329172674485611	0.321859838799791	0.290380902159872	0.252296387681913	0.271983820652697	0.319937480154656	0.305149024882442	0.281392599506707	0.390108536363032	0.256439410370157	0.267635418230852	0.289845480226969	0.378884726329983	0.342912700273591	0.374351390649957	0.418803010743647	0.333391147850802	0.344481704489053	0.282304655325667	0.446097928900773	0.519067896995651	0.504451969010903	0.48091494421632	0.538626791272553
KMRB15070723_neg.mzXML	0.153967260679171	0	0.13900831087093	0.26156695530182	0.207517271466343	0.248243333374857	0.212133091838415	0.131583425516969	0.200434586994337	0.179683466965961	0.250644376846909	0.233409354732076	0.27934738010334	0.23697312098848	0.275465181317195	0.284170514260501	0.34058335901341	0.305514064700769	0.281551177270305	0.207142660748897	0.254039408598223	0.322288851635598	0.330675459994236	0.265890413748294	0.360092244859261	0.243773865704491	0.269583325210857	0.245350738490419	0.374872112149394	0.358458578097864	0.373830303032563	0.426429991298172	0.31811135409327	0.271963495375943	0.254070227163322	0.449945071335071	0.512776408595219	0.500036047467585	0.432439153713509	0.523413522626479
KMRB16032507_neg.mzXML	0.130258054912131	0.13900831087093	0	0.188462495849912	0.14222176969323	0.195426495324833	0.12791787184021	0.136505478958485	0.118891073867454	0.223066489847797	0.175813728306986	0.182301250309994	0.218484807072656	0.189978682868052	0.217470484533313	0.221983838589437	0.277594029889136	0.261163486450065	0.26078564105112	0.239733593644246	0.235147367192706	0.28449361022598	0.269319249519964	0.247042848039744	0.322363463867934	0.224633827843117	0.223087403880123	0.244374329325261	0.349661603708596	0.314674837233671	0.335416277641673	0.372459132852238	0.263534343416175	0.28486550276215	0.227667577498039	0.417267887464094	0.472588742716694	0.461143761105415	0.432307751368915	0.487484755594126
KMRB15070765_neg.mzXML	0.233286513553657	0.26156695530182	0.188462495849912	0	0.158459760417495	0.170697841077111	0.151483114804176	0.271000262075338	0.146841986560291	0.311016220450893	0.199622452986934	0.120450572827431	0.136711813177624	0.15020444349803	0.186284076717821	0.121365426551312	0.19855030813619	0.226070985809728	0.210785277099978	0.231636625067781	0.17445649801711	0.213869718943591	0.215016808281162	0.194311829626521	0.259782186791541	0.201783646971141	0.158421720480129	0.199780667131061	0.290636600902663	0.256368305551107	0.296111196620216	0.304894167348526	0.206257808084195	0.28128768336533	0.201742328787284	0.365599593463376	0.403860260627404	0.374097784491972	0.40583477570743	0.434687610626182
KMRB15062619_neg.mzXML	0.186558887934839	0.207517271466343	0.14222176969323	0.158459760417495	0	0.169968828611888	0.0909397711614383	0.224547178624343	0.111783746465965	0.28118207587249	0.155718808528283	0.145925751294997	0.193712694363249	0.149568687497856	0.204743684673327	0.165098423253182	0.244794083706004	0.269490940664083	0.248810224162383	0.218638683829818	0.203657216836926	0.251690859899065	0.252836791319833	0.251124663954556	0.307728756041258	0.223070013401095	0.207045695129292	0.25643175448078	0.324144615442872	0.283484576283675	0.310389901630554	0.336937747750888	0.255463606676092	0.289647052063587	0.236796743209068	0.389316572241137	0.444276861393123	0.411038169395844	0.414586437277768	0.452857425316282
KMRB15090213_neg.mzXML	0.220989988409951	0.248243333374857	0.195426495324833	0.170697841077111	0.169968828611888	0	0.174930451582223	0.25740572471025	0.179978492903675	0.307371389062458	0.21174933310128	0.17472157518616	0.211536452807179	0.192735748677134	0.262487300132168	0.192418192926628	0.257979661379126	0.298571810883585	0.220547324549914	0.227543655006513	0.212160660615854	0.235806926933528	0.250352540179889	0.219095340085237	0.32251305289575	0.23996549534629	0.238771396129077	0.223918804006395	0.309352823699377	0.304100914999825	0.309520451162404	0.346731918414722	0.300852960986277	0.324588068203297	0.257962996201629	0.394595486703598	0.45936630983389	0.422340496652963	0.451980597997607	0.496096849101341
KMRB17070402_neg.mzXML	0.183795570598926	0.212133091838415	0.12791787184021	0.151483114804176	0.0909397711614383	0.174930451582223	0	0.219881868749575	0.105193806944758	0.267924655409943	0.160168087809939	0.156338006513923	0.184126051855561	0.147971664035386	0.204740245956812	0.16747131673698	0.243580458937186	0.271888797519137	0.261874102311632	0.236257479165679	0.233488361657361	0.276700017412689	0.273489147937341	0.258117816104111	0.308308087725154	0.232107830595536	0.196436130168756	0.260533415758915	0.35091744983416	0.301136900429199	0.336332923852966	0.354472884030539	0.237280630540582	0.303954653701881	0.244556954299625	0.409183610569627	0.45740202781387	0.425788979483575	0.430944432810396	0.469494642458996
KMRB17080804_neg.mzXML	0.10344215014061	0.131583425516969	0.136505478958485	0.271000262075338	0.224547178624343	0.25740572471025	0.219881868749575	0	0.199826788111318	0.144182569983267	0.254172167828313	0.252359069281689	0.299105834624689	0.265476611043601	0.310910095664543	0.312872199450997	0.371707908952545	0.338502439772105	0.291669451947137	0.255268942182849	0.270249877739613	0.336161155656271	0.330054688477237	0.271302591982719	0.38527579716806	0.241365083772745	0.287372955400143	0.290756096037586	0.391551877870738	0.372345785846191	0.405457883544306	0.447578791532773	0.352188356267269	0.310319937393114	0.292804975551279	0.464390133336307	0.53527602653656	0.525077584554897	0.470151088077576	0.545836069848487
KMRB15081403_neg.mzXML	0.165068247087669	0.200434586994337	0.118891073867454	0.146841986560291	0.111783746465965	0.179978492903675	0.105193806944758	0.199826788111318	0	0.259089584498076	0.146627610474617	0.146496196509906	0.199562200913889	0.167283673093988	0.214993150626897	0.175148222648104	0.248250284047207	0.25095900793419	0.239300740282382	0.215209088338648	0.205322402200598	0.256427086925412	0.233409454897788	0.228980847870413	0.319011889955227	0.202168986736371	0.19470834007698	0.246001271300022	0.326511958914649	0.287505010462208	0.316545135491637	0.358932100961713	0.254216935197048	0.292921983692239	0.236697550547644	0.386543547173016	0.443661012865867	0.419691774546365	0.433257417962393	0.474257412722267
KMRB15031920_neg.mzXML	0.153702333040913	0.179683466965961	0.223066489847797	0.311016220450893	0.28118207587249	0.307371389062458	0.267924655409943	0.144182569983267	0.259089584498076	0	0.317808573795606	0.299851203059989	0.341930337431898	0.311415091532535	0.360934232703504	0.359694560416125	0.41419073627707	0.370679795950872	0.330055566345381	0.293699458966882	0.321490369711849	0.386266021990714	0.377082102726088	0.300502537449455	0.430197616127867	0.289993404027686	0.32425578687246	0.312754119038097	0.446692829696958	0.413082926887027	0.440457127946285	0.486337706976023	0.378738966865518	0.348584506756212	0.319900704676851	0.506301706408945	0.565732474852532	0.553793478642351	0.511140214610494	0.591882746606928
KMRB16011417_neg.mzXML	0.225037657079638	0.250644376846909	0.175813728306986	0.199622452986934	0.155718808528283	0.21174933310128	0.160168087809939	0.254172167828313	0.146627610474617	0.317808573795606	0	0.200131314865543	0.238796981413722	0.207411606164866	0.237975716169109	0.196321811501433	0.306123597756509	0.319805667021661	0.252382233448659	0.246940665749732	0.235033597109934	0.302902992787635	0.285839731431851	0.28314143750202	0.355860846873053	0.25446099113552	0.255967284383849	0.317609814991364	0.345621787593672	0.308039684303444	0.364285738924056	0.377036649871387	0.316645047892524	0.336760308468954	0.307158156479709	0.377214815741316	0.457031180658022	0.441136213072407	0.467189803916621	0.476137256610806
KMRB16011519_neg.mzXML	0.236444117580902	0.233409354732076	0.182301250309994	0.120450572827431	0.145925751294997	0.17472157518616	0.156338006513923	0.252359069281689	0.146496196509906	0.299851203059989	0.200131314865543	0	0.180191950079945	0.154715390973498	0.20320335975258	0.138308712215033	0.215408738612761	0.240044092146645	0.194322911491314	0.200123798142971	0.157924455106164	0.200583617732458	0.216393896844742	0.202323710423406	0.280814916469843	0.171063493812513	0.184059335736736	0.204230515407844	0.308415719410591	0.254857940679013	0.290829142273654	0.324993668445996	0.231503009679366	0.258555927686732	0.211360890598363	0.360829939084864	0.409352378874058	0.378660827067506	0.404945405710894	0.440405863166524
KMRB04050612_neg.mzXML	0.273924578789002	0.27934738010334	0.218484807072656	0.136711813177624	0.193712694363249	0.211536452807179	0.184126051855561	0.299105834624689	0.199562200913889	0.341930337431898	0.238796981413722	0.180191950079945	0	0.183492248814139	0.17498202855772	0.165120282351176	0.19069203149276	0.205591654097085	0.254626818941508	0.265343164440413	0.222083229379151	0.22727739194012	0.206479849498124	0.185883586770792	0.230718542374217	0.251470286341828	0.130077156174791	0.182700927155124	0.280268365169854	0.271016193127305	0.26141556651253	0.282711256016258	0.178448347221152	0.261122365771941	0.195717855029807	0.367934633073229	0.389041973731715	0.368884761623163	0.39559820224975	0.432940646514189
KMRB14110709_neg.mzXML	0.249590604972973	0.23697312098848	0.189978682868052	0.15020444349803	0.149568687497856	0.192735748677134	0.147971664035386	0.265476611043601	0.167283673093988	0.311415091532535	0.207411606164866	0.154715390973498	0.183492248814139	0	0.170997798891314	0.150971932363226	0.224177474969963	0.248982700160921	0.231046326365615	0.219397739926332	0.198797895339764	0.237379556137387	0.259626433448919	0.22429139895702	0.258810983091517	0.224452755195109	0.199002797194848	0.219755795236984	0.329950302206913	0.300563952800837	0.299978986823694	0.305052776621408	0.2330049210626	0.267547768174948	0.220614322122936	0.387651027129938	0.418112016262018	0.383676899152191	0.406558892638284	0.44842359999156
KMRB18111308_neg.mzXML	0.295400686400828	0.275465181317195	0.217470484533313	0.186284076717821	0.204743684673327	0.262487300132168	0.204740245956812	0.310910095664543	0.214993150626897	0.360934232703504	0.237975716169109	0.20320335975258	0.17498202855772	0.170997798891314	0	0.189879708744563	0.204907104073808	0.231857337365585	0.278930114606645	0.265240666690655	0.243537523769784	0.284149746199083	0.273817195127415	0.27668699855948	0.256786596894394	0.256808933796509	0.18366146277552	0.225980627313475	0.274531012107867	0.291400298132762	0.290601996736525	0.332091930062731	0.225674149701438	0.258293631780764	0.212906867562538	0.386799469428013	0.421832850504618	0.401751122693234	0.385965402562776	0.436154869681923
KMRB14091212_neg.mzXML	0.269021564835312	0.284170514260501	0.221983838589437	0.121365426551312	0.165098423253182	0.192418192926628	0.16747131673698	0.312872199450997	0.175148222648104	0.359694560416125	0.196321811501433	0.138308712215033	0.165120282351176	0.150971932363226	0.189879708744563	0	0.179691280134107	0.247574008251238	0.220159341663524	0.256972791465413	0.195147982948573	0.21229652882678	0.223332668183167	0.241211669950643	0.279665898976816	0.226398223069343	0.184519860210903	0.233695094673032	0.296086971208373	0.266667930320534	0.280320223466833	0.293587344855565	0.221521159255733	0.299183089424993	0.227086807850136	0.355033819030287	0.405440932396639	0.343560377120569	0.404709931632314	0.424477846077619
KMRB15052235_neg.mzXML	0.329172674485611	0.34058335901341	0.277594029889136	0.19855030813619	0.244794083706004	0.257979661379126	0.243580458937186	0.371707908952545	0.248250284047207	0.41419073627707	0.306123597756509	0.215408738612761	0.19069203149276	0.224177474969963	0.204907104073808	0.179691280134107	0	0.199871987083952	0.312470352495535	0.321973135094682	0.265026406373737	0.179793208465981	0.257625028998289	0.302953571575197	0.216888273770688	0.306999630503677	0.167258916015514	0.244082073690526	0.274161366478601	0.248013104011484	0.216134828519336	0.236129154473512	0.157307273901088	0.300698679458725	0.261285787845797	0.341422159671992	0.336937147513349	0.276362481687032	0.351259508398287	0.384643443793312
KMRB15070136_neg.mzXML	0.321859838799791	0.305514064700769	0.261163486450065	0.226070985809728	0.269490940664083	0.298571810883585	0.271888797519137	0.338502439772105	0.25095900793419	0.370679795950872	0.319805667021661	0.240044092146645	0.205591654097085	0.248982700160921	0.231857337365585	0.247574008251238	0.199871987083952	0	0.275198254887658	0.306414605979177	0.264642726792957	0.192897744593409	0.205828840987173	0.248765384943763	0.224791742667843	0.285293788704202	0.186068808912895	0.197472727626768	0.265475516356373	0.226288890875578	0.201335199037384	0.285493187897282	0.140737876606895	0.241671572173866	0.196462492716633	0.324534003421609	0.367233698441267	0.338334853137531	0.355409318303408	0.425722772075856
KMRB18042712_neg.mzXML	0.290380902159872	0.281551177270305	0.26078564105112	0.210785277099978	0.248810224162383	0.220547324549914	0.261874102311632	0.291669451947137	0.239300740282382	0.330055566345381	0.252382233448659	0.194322911491314	0.254626818941508	0.231046326365615	0.278930114606645	0.220159341663524	0.312470352495535	0.275198254887658	0	0.227117556526138	0.19949618810373	0.250205245365274	0.209662614228685	0.189259163807873	0.335567485747719	0.22011267965059	0.264756715331232	0.253754694180994	0.318398289031217	0.283658477940857	0.330790279084627	0.330361134409407	0.312202511103892	0.29960037481123	0.260981363738051	0.371797773318326	0.425951442847028	0.447534473569539	0.461033761786013	0.50302340827236
KMRB16061604_neg.mzXML	0.252296387681913	0.207142660748897	0.239733593644246	0.231636625067781	0.218638683829818	0.227543655006513	0.236257479165679	0.255268942182849	0.215209088338648	0.293699458966882	0.246940665749732	0.200123798142971	0.265343164440413	0.219397739926332	0.265240666690655	0.256972791465413	0.321973135094682	0.306414605979177	0.227117556526138	0	0.197976340054017	0.288274651270663	0.29845767245951	0.253421147230279	0.339585627477297	0.208736394267125	0.268413343396528	0.235081499179792	0.333320123873569	0.323292309855291	0.327199976544298	0.382394310897929	0.313472805016464	0.225722220996906	0.270783471417114	0.362140712984622	0.43075415376176	0.461713182976247	0.404650539003493	0.470595492528506
KMRB15021115_neg.mzXML	0.271983820652697	0.254039408598223	0.235147367192706	0.17445649801711	0.203657216836926	0.212160660615854	0.233488361657361	0.270249877739613	0.205322402200598	0.321490369711849	0.235033597109934	0.157924455106164	0.222083229379151	0.198797895339764	0.243537523769784	0.195147982948573	0.265026406373737	0.264642726792957	0.19949618810373	0.197976340054017	0	0.204963299221697	0.218030505184729	0.197600038615576	0.294614420747622	0.19518052447702	0.216127322747078	0.192036325739076	0.302623657104161	0.269462122746461	0.287618713025923	0.318744975770912	0.265923198763714	0.257391042916783	0.23686530379368	0.355876662303899	0.407202072659882	0.40259046380842	0.39618097318669	0.446104820562946
KMRB16051230_neg.mzXML	0.319937480154656	0.322288851635598	0.28449361022598	0.213869718943591	0.251690859899065	0.235806926933528	0.276700017412689	0.336161155656271	0.256427086925412	0.386266021990714	0.302902992787635	0.200583617732458	0.22727739194012	0.237379556137387	0.284149746199083	0.21229652882678	0.179793208465981	0.192897744593409	0.250205245365274	0.288274651270663	0.204963299221697	0	0.210366744397821	0.236228489597991	0.211571347305491	0.259927744656816	0.195136738383858	0.212939091194203	0.250986633890293	0.230300907849806	0.226329062425448	0.223049496859344	0.195957841782552	0.275846161575122	0.250425464667605	0.31336644218043	0.334736389535664	0.295366213541393	0.356650524232269	0.400905656087396
KMRB17091811_neg.mzXML	0.305149024882442	0.330675459994236	0.269319249519964	0.215016808281162	0.252836791319833	0.250352540179889	0.273489147937341	0.330054688477237	0.233409454897788	0.377082102726088	0.285839731431851	0.216393896844742	0.206479849498124	0.259626433448919	0.273817195127415	0.223332668183167	0.257625028998289	0.205828840987173	0.209662614228685	0.29845767245951	0.218030505184729	0.210366744397821	0	0.197494258578398	0.299295855597557	0.257530018873106	0.224708273927903	0.230783753431799	0.263636519954592	0.250158416922295	0.288837528526039	0.293089642842251	0.258034090112135	0.315557773638816	0.269891140972964	0.327272213494266	0.391738323519931	0.370246218374122	0.434080779052805	0.473199906336568
KMRB15032003_neg.mzXML	0.281392599506707	0.265890413748294	0.247042848039744	0.194311829626521	0.251124663954556	0.219095340085237	0.258117816104111	0.271302591982719	0.228980847870413	0.300502537449455	0.28314143750202	0.202323710423406	0.185883586770792	0.22429139895702	0.27668699855948	0.241211669950643	0.302953571575197	0.248765384943763	0.189259163807873	0.253421147230279	0.197600038615576	0.236228489597991	0.197494258578398	0	0.285046492670828	0.237308903017825	0.227023374299473	0.194199671960352	0.305289916477847	0.319054567011739	0.313164591809728	0.343136582642416	0.258485979424076	0.28216845117044	0.196674232395523	0.396698184276241	0.425142262628123	0.415295963491156	0.447759836211747	0.507453308318877
KMRB14101203_neg.mzXML	0.390108536363032	0.360092244859261	0.322363463867934	0.259782186791541	0.307728756041258	0.32251305289575	0.308308087725154	0.38527579716806	0.319011889955227	0.430197616127867	0.355860846873053	0.280814916469843	0.230718542374217	0.258810983091517	0.256786596894394	0.279665898976816	0.216888273770688	0.224791742667843	0.335567485747719	0.339585627477297	0.294614420747622	0.211571347305491	0.299295855597557	0.285046492670828	0	0.329339659007411	0.214425122794436	0.224658816721607	0.251420059890858	0.30740892734843	0.240284977902259	0.213152385039145	0.186554158490321	0.284094068352852	0.271902284125323	0.319601829226851	0.304714553798864	0.263317044873254	0.291896095057748	0.361459127601785
KMRB15063021_neg.mzXML	0.256439410370157	0.243773865704491	0.224633827843117	0.201783646971141	0.223070013401095	0.23996549534629	0.232107830595536	0.241365083772745	0.202168986736371	0.289993404027686	0.25446099113552	0.171063493812513	0.251470286341828	0.224452755195109	0.256808933796509	0.226398223069343	0.306999630503677	0.285293788704202	0.22011267965059	0.208736394267125	0.19518052447702	0.259927744656816	0.257530018873106	0.237308903017825	0.329339659007411	0	0.23109064996682	0.241740155340631	0.331193322549967	0.278307873941671	0.345999287938595	0.378633743782089	0.308030284547895	0.271640793982039	0.24652656462392	0.390396541943974	0.462091088790432	0.447527291252357	0.414393795901385	0.481828015641356
KMRB15052230_neg.mzXML	0.267635418230852	0.269583325210857	0.223087403880123	0.158421720480129	0.207045695129292	0.238771396129077	0.196436130168756	0.287372955400143	0.19470834007698	0.32425578687246	0.255967284383849	0.184059335736736	0.130077156174791	0.199002797194848	0.18366146277552	0.184519860210903	0.167258916015514	0.186068808912895	0.264756715331232	0.268413343396528	0.216127322747078	0.195136738383858	0.224708273927903	0.227023374299473	0.214425122794436	0.23109064996682	0	0.172201335138533	0.283010874525276	0.245748215175976	0.260859589005019	0.282694529947481	0.176370626768344	0.233792780029492	0.193525557063311	0.359247480067134	0.36946048312235	0.335295044154557	0.355465037359656	0.41934185970009
KMRB15071608_neg.mzXML	0.289845480226969	0.245350738490419	0.244374329325261	0.199780667131061	0.25643175448078	0.223918804006395	0.260533415758915	0.290756096037586	0.246001271300022	0.312754119038097	0.317609814991364	0.204230515407844	0.182700927155124	0.219755795236984	0.225980627313475	0.233695094673032	0.244082073690526	0.197472727626768	0.253754694180994	0.235081499179792	0.192036325739076	0.212939091194203	0.230783753431799	0.194199671960352	0.224658816721607	0.241740155340631	0.172201335138533	0	0.305836327699401	0.300175304611476	0.265788642499401	0.326453493240532	0.190302128474378	0.205104292408237	0.16501688994298	0.385409774418907	0.402595746569314	0.371773606063646	0.370627025369423	0.464108912325947
KMRB14082260_neg.mzXML	0.378884726329983	0.374872112149394	0.349661603708596	0.290636600902663	0.324144615442872	0.309352823699377	0.35091744983416	0.391551877870738	0.326511958914649	0.446692829696958	0.345621787593672	0.308415719410591	0.280268365169854	0.329950302206913	0.274531012107867	0.296086971208373	0.274161366478601	0.265475516356373	0.318398289031217	0.333320123873569	0.302623657104161	0.250986633890293	0.263636519954592	0.305289916477847	0.251420059890858	0.331193322549967	0.283010874525276	0.305836327699401	0	0.284036960616532	0.261887454024354	0.319099897396356	0.271769945301561	0.324517502753432	0.308147622971418	0.331813541307437	0.389699998865503	0.359103416205109	0.341745974803062	0.388094326455881
KMRB16071927_neg.mzXML	0.342912700273591	0.358458578097864	0.314674837233671	0.256368305551107	0.283484576283675	0.304100914999825	0.301136900429199	0.372345785846191	0.287505010462208	0.413082926887027	0.308039684303444	0.254857940679013	0.271016193127305	0.300563952800837	0.291400298132762	0.266667930320534	0.248013104011484	0.226288890875578	0.283658477940857	0.323292309855291	0.269462122746461	0.230300907849806	0.250158416922295	0.319054567011739	0.30740892734843	0.278307873941671	0.245748215175976	0.300175304611476	0.284036960616532	0	0.281048063399009	0.313875254543851	0.272876525784989	0.317031178569664	0.315042416233554	0.316499535465438	0.401794457780349	0.386826946998071	0.361130128634279	0.403738746335041
KMRB15080602_neg.mzXML	0.374351390649957	0.373830303032563	0.335416277641673	0.296111196620216	0.310389901630554	0.309520451162404	0.336332923852966	0.405457883544306	0.316545135491637	0.440457127946285	0.364285738924056	0.290829142273654	0.26141556651253	0.299978986823694	0.290601996736525	0.280320223466833	0.216134828519336	0.201335199037384	0.330790279084627	0.327199976544298	0.287618713025923	0.226329062425448	0.288837528526039	0.313164591809728	0.240284977902259	0.345999287938595	0.260859589005019	0.265788642499401	0.261887454024354	0.281048063399009	0	0.25433376073459	0.213073444593782	0.282484305609148	0.26977305862816	0.289457105213009	0.335949717743738	0.330494674525338	0.347233042058136	0.396276345283106
KMRB16011521_neg.mzXML	0.418803010743647	0.426429991298172	0.372459132852238	0.304894167348526	0.336937747750888	0.346731918414722	0.354472884030539	0.447578791532773	0.358932100961713	0.486337706976023	0.377036649871387	0.324993668445996	0.282711256016258	0.305052776621408	0.332091930062731	0.293587344855565	0.236129154473512	0.285493187897282	0.330361134409407	0.382394310897929	0.318744975770912	0.223049496859344	0.293089642842251	0.343136582642416	0.213152385039145	0.378633743782089	0.282694529947481	0.326453493240532	0.319099897396356	0.313875254543851	0.25433376073459	0	0.271864881048813	0.369957656344097	0.352409938130208	0.271347796977571	0.258903935437759	0.273032837088275	0.352475383986424	0.373539262371657
KMRB15090836_neg.mzXML	0.333391147850802	0.31811135409327	0.263534343416175	0.206257808084195	0.255463606676092	0.300852960986277	0.237280630540582	0.352188356267269	0.254216935197048	0.378738966865518	0.316645047892524	0.231503009679366	0.178448347221152	0.2330049210626	0.225674149701438	0.221521159255733	0.157307273901088	0.140737876606895	0.312202511103892	0.313472805016464	0.265923198763714	0.195957841782552	0.258034090112135	0.258485979424076	0.186554158490321	0.308030284547895	0.176370626768344	0.190302128474378	0.271769945301561	0.272876525784989	0.213073444593782	0.271864881048813	0	0.229926653324076	0.190935474342631	0.343372696491456	0.359155543587721	0.321919123692081	0.349536833662019	0.398818683383516
KMRB17061910_neg.mzXML	0.344481704489053	0.271963495375943	0.28486550276215	0.28128768336533	0.289647052063587	0.324588068203297	0.303954653701881	0.310319937393114	0.292921983692239	0.348584506756212	0.336760308468954	0.258555927686732	0.261122365771941	0.267547768174948	0.258293631780764	0.299183089424993	0.300698679458725	0.241671572173866	0.29960037481123	0.225722220996906	0.257391042916783	0.275846161575122	0.315557773638816	0.28216845117044	0.284094068352852	0.271640793982039	0.233792780029492	0.205104292408237	0.324517502753432	0.317031178569664	0.282484305609148	0.369957656344097	0.229926653324076	0	0.228129211536056	0.348546162099559	0.42213250795316	0.442864880348031	0.365933026656058	0.436499217610898
KMRB17083132_neg.mzXML	0.282304655325667	0.254070227163322	0.227667577498039	0.201742328787284	0.236796743209068	0.257962996201629	0.244556954299625	0.292804975551279	0.236697550547644	0.319900704676851	0.307158156479709	0.211360890598363	0.195717855029807	0.220614322122936	0.212906867562538	0.227086807850136	0.261285787845797	0.196462492716633	0.260981363738051	0.270783471417114	0.23686530379368	0.250425464667605	0.269891140972964	0.196674232395523	0.271902284125323	0.24652656462392	0.193525557063311	0.16501688994298	0.308147622971418	0.315042416233554	0.26977305862816	0.352409938130208	0.190935474342631	0.228129211536056	0	0.404429377311807	0.434991968426272	0.40548614115606	0.401336688042371	0.47519654795466
KMRB16041505_neg.mzXML	0.446097928900773	0.449945071335071	0.417267887464094	0.365599593463376	0.389316572241137	0.394595486703598	0.409183610569627	0.464390133336307	0.386543547173016	0.506301706408945	0.377214815741316	0.360829939084864	0.367934633073229	0.387651027129938	0.386799469428013	0.355033819030287	0.341422159671992	0.324534003421609	0.371797773318326	0.362140712984622	0.355876662303899	0.31336644218043	0.327272213494266	0.396698184276241	0.319601829226851	0.390396541943974	0.359247480067134	0.385409774418907	0.331813541307437	0.316499535465438	0.289457105213009	0.271347796977571	0.343372696491456	0.348546162099559	0.404429377311807	0	0.31097339203356	0.332074881363649	0.364722767210284	0.366694471548739
KMRB15102011_neg.mzXML	0.519067896995651	0.512776408595219	0.472588742716694	0.403860260627404	0.444276861393123	0.45936630983389	0.45740202781387	0.53527602653656	0.443661012865867	0.565732474852532	0.457031180658022	0.409352378874058	0.389041973731715	0.418112016262018	0.421832850504618	0.405440932396639	0.336937147513349	0.367233698441267	0.425951442847028	0.43075415376176	0.407202072659882	0.334736389535664	0.391738323519931	0.425142262628123	0.304714553798864	0.462091088790432	0.36946048312235	0.402595746569314	0.389699998865503	0.401794457780349	0.335949717743738	0.258903935437759	0.359155543587721	0.42213250795316	0.434991968426272	0.31097339203356	0	0.249180292313247	0.324734043795601	0.244761070303124
KMRB15061217_neg.mzXML	0.504451969010903	0.500036047467585	0.461143761105415	0.374097784491972	0.411038169395844	0.422340496652963	0.425788979483575	0.525077584554897	0.419691774546365	0.553793478642351	0.441136213072407	0.378660827067506	0.368884761623163	0.383676899152191	0.401751122693234	0.343560377120569	0.276362481687032	0.338334853137531	0.447534473569539	0.461713182976247	0.40259046380842	0.295366213541393	0.370246218374122	0.415295963491156	0.263317044873254	0.447527291252357	0.335295044154557	0.371773606063646	0.359103416205109	0.386826946998071	0.330494674525338	0.273032837088275	0.321919123692081	0.442864880348031	0.40548614115606	0.332074881363649	0.249180292313247	0	0.276731452843714	0.302345878754351
KMRB14070116_neg.mzXML	0.48091494421632	0.432439153713509	0.432307751368915	0.40583477570743	0.414586437277768	0.451980597997607	0.430944432810396	0.470151088077576	0.433257417962393	0.511140214610494	0.467189803916621	0.404945405710894	0.39559820224975	0.406558892638284	0.385965402562776	0.404709931632314	0.351259508398287	0.355409318303408	0.461033761786013	0.404650539003493	0.39618097318669	0.356650524232269	0.434080779052805	0.447759836211747	0.291896095057748	0.414393795901385	0.355465037359656	0.370627025369423	0.341745974803062	0.361130128634279	0.347233042058136	0.352475383986424	0.349536833662019	0.365933026656058	0.401336688042371	0.364722767210284	0.324734043795601	0.276731452843714	0	0.189181234334703
KMRB15090322_neg.mzXML	0.538626791272553	0.523413522626479	0.487484755594126	0.434687610626182	0.452857425316282	0.496096849101341	0.469494642458996	0.545836069848487	0.474257412722267	0.591882746606928	0.476137256610806	0.440405863166524	0.432940646514189	0.44842359999156	0.436154869681923	0.424477846077619	0.384643443793312	0.425722772075856	0.50302340827236	0.470595492528506	0.446104820562946	0.400905656087396	0.473199906336568	0.507453308318877	0.361459127601785	0.481828015641356	0.41934185970009	0.464108912325947	0.388094326455881	0.403738746335041	0.396276345283106	0.373539262371657	0.398818683383516	0.436499217610898	0.47519654795466	0.366694471548739	0.244761070303124	0.302345878754351	0.189181234334703	0
